INSTRUMENT_TYPE=SEACATPLUS
SERIALNO=50030
TCALDATE=08-Sep-18
TA0= 1.242922e-003
TA1= 2.750400e-004
TA2=-1.087155e-006
TA3= 1.824474e-007
CCALDATE=08-Sep-18
CG=-9.916690e-001
CH= 1.354485e-001
CI=-2.201520e-004
CJ= 3.444510e-005
CTCOR= 3.250000e-006
CPCOR=-9.570000e-008
PCALDATE=07-Sep-18
PA0= 1.836742e-001
PA1= 1.549265e-003
PA2=-6.395993e-012
PTCA0= 5.250431e+005
PTCA1= 9.617253e+000
PTCA2=-1.892310e-001
PTCB0= 2.505900e+001
PTCB1= 2.000000e-004
PTCB2= 0.000000e+000
PTEMPA0=-6.645358e+001
PTEMPA1= 5.224505e+001
PTEMPA2=-4.609362e-001
