INSTRUMENT_TYPE=SEACATPLUS
SERIALNO=50114
TCALDATE=23-Aug-18
TA0= 1.278167e-003
TA1= 2.715829e-004
TA2=-1.073417e-006
TA3= 1.779255e-007
CCALDATE=23-Aug-18
CG=-9.845890e-001
CH= 1.514948e-001
CI=-2.586287e-004
CJ= 4.179523e-005
CTCOR= 3.250000e-006
CPCOR=-9.570000e-008
PCALDATE=13-Aug-18
C1= 9.998134e+002
C2=-1.335470e-003
C3=-1.269150e-004
D1= 3.201700e-002
D2= 0.000000e+000
T1= 2.775439e+001
T2=-1.116760e-004
T3= 1.041050e-006
T4= 1.920260e-009
T5= 0.000000e+000
AD590M= 0.00000e+000
AD590B= 0.00000e+000
