INSTRUMENT_TYPE=SEACATPLUS
SERIALNO=50113
TCALDATE=10-Aug-18
TA0= 1.271678e-003
TA1= 2.723341e-004
TA2=-1.120171e-006
TA3= 1.803757e-007
CCALDATE=10-Aug-18
CG=-9.735622e-001
CH= 1.516803e-001
CI=-2.347571e-004
CJ= 4.071469e-005
CTCOR= 3.250000e-006
CPCOR=-9.570000e-008
PCALDATE=08-Aug-18
PA0= 1.516158e-001
PA1= 1.551173e-003
PA2= 5.057392e-012
PTCA0= 5.240576e+005
PTCA1= 6.936633e+000
PTCA2=-1.221222e-001
PTCB0= 2.492225e+001
PTCB1=-3.500000e-004
PTCB2= 0.000000e+000
PTEMPA0=-8.213189e+001
PTEMPA1= 4.600127e+001
PTEMPA2= 3.349529e-003
