INSTRUMENT_TYPE=SEACATPLUS
SERIALNO=50112
TCALDATE=11-Aug-18
TA0= 1.265899e-003
TA1= 2.726168e-004
TA2=-1.082775e-006
TA3= 1.762384e-007
CCALDATE=11-Aug-18
CG=-9.744131e-001
CH= 1.475036e-001
CI=-1.639980e-004
CJ= 3.355821e-005
CTCOR= 3.250000e-006
CPCOR=-9.570000e-008
PCALDATE=08-Aug-18
PA0= 1.513173e-001
PA1= 1.550585e-003
PA2= 4.074212e-012
PTCA0= 5.239134e+005
PTCA1= 7.076652e+000
PTCA2=-1.206081e-001
PTCB0= 2.484050e+001
PTCB1= 1.000000e-004
PTCB2= 0.000000e+000
PTEMPA0=-7.980108e+001
PTEMPA1= 4.737656e+001
PTEMPA2=-1.634663e-001
