INSTRUMENT_TYPE=SEACATPLUS
SERIALNO=6943
TCALDATE=08-Sep-18
TA0= 1.281776e-003
TA1= 2.706189e-004
TA2=-1.036718e-006
TA3= 1.755243e-007
CCALDATE=08-Sep-18
CG=-9.728555e-001
CH= 1.387906e-001
CI=-1.273127e-004
CJ= 2.827792e-005
CTCOR= 3.250000e-006
CPCOR=-9.570000e-008
PCALDATE=07-Sep-18
PA0= 1.982457e+000
PA1= 1.571267e-002
PA2=-6.676654e-010
PTCA0= 5.250232e+005
PTCA1= 5.607493e+000
PTCA2= 1.409721e-002
PTCB0= 2.512200e+001
PTCB1=-2.000000e-004
PTCB2= 0.000000e+000
PTEMPA0=-6.874707e+001
PTEMPA1= 5.060630e+001
PTEMPA2=-2.546431e-001
