INSTRUMENT_TYPE=SEACATPLUS
SERIALNO=7230
TCALDATE=15-Mar-16
TA0= 1.253158e-003
TA1= 2.760091e-004
TA2=-1.377833e-006
TA3= 1.896444e-007
CCALDATE=15-Mar-16
CG=-9.914753e-001
CH= 1.385303e-001
CI=-2.835200e-004
CJ= 3.959768e-005
CTCOR= 3.250000e-006
CPCOR=-9.570000e-008
PCALDATE=02-Mar-16
C1= 9.913651e+002
C2= 1.013600e-005
C3=-1.182100e-004
D1= 3.107200e-002
D2= 0.000000e+000
T1= 2.767412e+001
T2=-1.080330e-004
T3= 1.036700e-006
T4= 1.687490e-009
T5= 0.000000e+000
AD590M= 1.00000e+000
AD590B= 0.00000e+000
