INSTRUMENT_TYPE=SEACATPLUS
SERIALNO=7230
TCALDATE=20-Nov-12
TA0= 1.248912e-003
TA1= 2.777497e-004
TA2=-1.613661e-006
TA3= 2.002177e-007
CCALDATE=20-Nov-12
CG=-9.923519e-001
CH= 1.388729e-001
CI=-3.813513e-004
CJ= 4.633690e-005
CTCOR= 3.250000e-006
CPCOR=-9.570000e-008
PCALDATE=02-Nov-12
C1= 9.913353e+002
C2= 1.013600e-005
C3=-1.182100e-004
D1= 3.107200e-002
D2= 0.000000e+000
T1= 2.767451e+001
T2=-1.080330e-004
T3= 1.036700e-006
T4= 1.687490e-009
T5= 0.000000e+000
AD590M= 0.00000e+000
AD590B= 0.00000e+000
