INSTRUMENT_TYPE=SEACATPLUS
SERIALNO=7248
TCALDATE=29-Sep-18
TA0= 1.264488e-003
TA1= 2.728782e-004
TA2=-1.088901e-006
TA3= 1.829135e-007
CCALDATE=29-Sep-18
CG=-9.783215e-001
CH= 1.511102e-001
CI=-3.462924e-004
CJ= 4.927149e-005
CTCOR= 3.250000e-006
CPCOR=-9.570000e-008
PCALDATE=27-Sep-18
C1= 9.990911e+002
C2=-5.561020e-003
C3=-1.302740e-004
D1= 3.038000e-002
D2= 0.000000e+000
T1= 2.770610e+001
T2=-1.041930e-004
T3= 1.062860e-006
T4= 1.561720e-009
T5= 0.000000e+000
AD590M= 0.00000e+000
AD590B= 0.00000e+000
