INSTRUMENT_TYPE=SEACATPLUS
SERIALNO=7249
TCALDATE=14-Aug-18
TA0= 1.248732e-003
TA1= 2.737544e-004
TA2=-9.255926e-007
TA3= 1.724328e-007
CCALDATE=14-Aug-18
CG=-9.972627e-001
CH= 1.549784e-001
CI=-3.288294e-004
CJ= 4.774883e-005
CTCOR= 3.250000e-006
CPCOR=-9.570000e-008
PCALDATE=13-Aug-18
C1=-4.643779e+003
C2=-7.540100e-002
C3= 8.852730e-004
D1= 6.781200e-002
D2= 0.000000e+000
T1= 3.005444e+001
T2=-3.892070e-004
T3= 2.670250e-006
T4= 1.718780e-009
T5= 0.000000e+000
AD590M= 0.00000e+000
AD590B= 0.00000e+000
