SERIALNO=0138
TCALDATE=07-Jul-18
TA0=-2.121150e-005
TA1= 2.799250e-004
TA2=-2.720039e-006
TA3= 1.607329e-007
CCALDATE=07-Jul-18
CG=-9.862493e-001
CH= 1.441099e-001
CI=-4.156786e-004
CJ= 5.205574e-005
CTCOR= 3.250000e-006
CPCOR=-9.570000e-008
WBOTC=-3.812335e-007
PCALDATE=06-Jul-18
PA0= 1.374309e+000
PA1= 2.626758e-001
PA2=-1.893962e-007
PTCA0= 7.171562e+001
PTCA1= 4.144591e-001
PTCA2=-5.390459e-003
PTCB0= 2.538363e+001
PTCB1=-6.750000e-004
PTCB2= 0.000000e+000
PTHA0=-7.137796e+001
PTHA1= 5.006345e-002
PTHA2=-2.157410e-007
