INSTRUMENT_TYPE=SEACATPLUS
SERIALNO=50123
TCALDATE=11-Aug-18
TA0= 1.241068e-003
TA1= 2.778972e-004
TA2=-1.463272e-006
TA3= 1.980672e-007
CCALDATE=11-Aug-18
CG=-9.734983e-001
CH= 1.548685e-001
CI=-3.012451e-004
CJ= 4.660344e-005
CTCOR= 3.250000e-006
CPCOR=-9.570000e-008
PCALDATE=09-Aug-18
PA0=-5.071902e-001
PA1= 1.544896e-003
PA2= 6.147426e-012
PTCA0= 5.242417e+005
PTCA1=-1.256644e+001
PTCA2=-8.079123e-002
PTCB0= 2.485975e+001
PTCB1= 3.500000e-004
PTCB2= 0.000000e+000
PTEMPA0=-7.688659e+001
PTEMPA1= 4.761373e+001
PTEMPA2=-1.418867e-001
