INSTRUMENT_TYPE=SEACATPLUS
SERIALNO=50122
TCALDATE=10-Aug-18
TA0= 1.254208e-003
TA1= 2.741186e-004
TA2=-1.136283e-006
TA3= 1.813056e-007
CCALDATE=10-Aug-18
CG=-1.017700e+000
CH= 1.605735e-001
CI=-1.942032e-004
CJ= 3.880517e-005
CTCOR= 3.250000e-006
CPCOR=-9.570000e-008
PCALDATE=09-Aug-18
PA0= 1.054593e-001
PA1= 1.549245e-003
PA2= 5.887048e-012
PTCA0= 5.242679e+005
PTCA1= 5.472759e+000
PTCA2=-1.060831e-001
PTCB0= 2.484925e+001
PTCB1= 2.500000e-004
PTCB2= 0.000000e+000
PTEMPA0=-8.147218e+001
PTEMPA1= 4.657399e+001
PTEMPA2=-1.154955e-001
