INSTRUMENT_TYPE=SEACATPLUS
SERIALNO=50128
TCALDATE=11-Aug-18
TA0= 1.201638e-003
TA1= 2.805088e-004
TA2=-1.098186e-006
TA3= 1.866903e-007
CCALDATE=11-Aug-18
CG=-9.997736e-001
CH= 1.543496e-001
CI=-1.967619e-004
CJ= 3.846792e-005
CTCOR= 3.250000e-006
CPCOR=-9.570000e-008
PCALDATE=10-Aug-18
PA0= 2.437026e+000
PA1= 1.565432e-002
PA2=-6.566318e-010
PTCA0= 5.255636e+005
PTCA1= 9.387142e+000
PTCA2=-1.144221e-001
PTCB0= 2.519351e+001
PTCB1=-4.987531e-004
PTCB2= 0.000000e+000
PTEMPA0=-6.149113e+001
PTEMPA1= 5.087228e+001
PTEMPA2= 1.014742e-002
