INSTRUMENT_TYPE=SEACATPLUS
SERIALNO=7232
TCALDATE=05-Sep-17
TA0= 1.254205e-003
TA1= 2.745700e-004
TA2=-1.041751e-006
TA3= 1.781241e-007
CCALDATE=05-Sep-17
CG=-9.718604e-001
CH= 1.343702e-001
CI=-3.173741e-004
CJ= 4.056323e-005
CTCOR= 3.250000e-006
CPCOR=-9.570000e-008
PCALDATE=25-Aug-17
PA0= 4.841793e-002
PA1= 1.550033e-003
PA2= 8.272917e-012
PTCA0= 5.247946e+005
PTCA1= 4.333847e+000
PTCA2=-1.339150e-001
PTCB0= 2.501750e+001
PTCB1=-3.000000e-004
PTCB2= 0.000000e+000
PTEMPA0=-5.289031e+001
PTEMPA1= 5.588530e+001
PTEMPA2=-3.515743e-001
