INSTRUMENT_TYPE=SBE43
SERIALNO=2891
OCALDATE=14-Dec-16
SOC= 4.653740e-001
VOFFSET=-5.195300e-001
A=-2.884025e-003
B= 1.034127e-004
C=-9.615808e-007
E= 3.600000e-002
Tau20= 4.980000e+000
